0.24894731761054933 0.8479832721486352 0.6808929361373108
0.24894731761054933 0.8479832721486352 0.6808929361373108
0.2524231643413365 0.919106653622289 0.6603495384590492
0.24894731761054933 0.8479832721486352 0.6808929361373108
0.2524231643413365 0.919106653622289 0.6603495384590492
0.2520706961795026 0.6847959139623233 0.7035068115224085
0.24894731761054933 0.8479832721486352 0.6808929361373108
0.2524231643413365 0.919106653622289 0.6603495384590492
0.2520706961795026 0.6847959139623233 0.7035068115224085
0.2847816222541243 0.7658391220317795 0.6261953718477072
0.26435169172038575 0.8014461269147073 0.6355975496857907
0.24894731761054933 0.8479832721486352 0.6808929361373108
0.2524231643413365 0.919106653622289 0.6603495384590492
0.2520706961795026 0.6847959139623233 0.7035068115224085
0.2847816222541243 0.7658391220317795 0.6261953718477072
0.26435169172038575 0.8014461269147073 0.6355975496857907
0.3578675841364468 0.5675840429206425 0.6526388100447769
0.22657629427262016 0.9017212292218127 0.7146713815182026
0.2515273327520595 0.9218645271119275 0.6602084492472498
0.2542059764151594 0.8328500082619353 0.6613772597854842
0.24894731761054933 0.8479832721486352 0.6808929361373108
0.2524231643413365 0.919106653622289 0.6603495384590492
0.2520706961795026 0.6847959139623233 0.7035068115224085
0.2847816222541243 0.7658391220317795 0.6261953718477072
0.26435169172038575 0.8014461269147073 0.6355975496857907
0.3578675841364468 0.5675840429206425 0.6526388100447769
0.22657629427262016 0.9017212292218127 0.7146713815182026
0.2515273327520595 0.9218645271119275 0.6602084492472498
0.2542059764151594 0.8328500082619353 0.6613772597854842
0.2281068571386684 0.8953225965132503 0.7117828524391128
0.2647099819080224 0.5828268258613374 0.7106070257314123
0.28564963071596405 0.6839651404034001 0.6267806729544547
0.24894731761054933 0.8479832721486352 0.6808929361373108
0.2524231643413365 0.919106653622289 0.6603495384590492
0.2520706961795026 0.6847959139623233 0.7035068115224085
0.2847816222541243 0.7658391220317795 0.6261953718477072
0.26435169172038575 0.8014461269147073 0.6355975496857907
0.22657629427262016 0.9017212292218127 0.7146713815182026
0.2515273327520595 0.9218645271119275 0.6602084492472498
0.2542059764151594 0.8328500082619353 0.6613772597854842
0.2281068571386684 0.8953225965132503 0.7117828524391128
0.2647099819080224 0.5828268258613374 0.7106070257314123
0.28564963071596405 0.6839651404034001 0.6267806729544547
0.24936972813399505 0.9427985181618098 0.6724342612693028
0.35664794141466605 0.5675859851734922 0.6491586237936442
0.26233109304236424 0.7854673191078709 0.6465877873767083
0.260074294546505 0.7817609378851418 0.6477735987595081
0.2549822457346721 0.7619723728111364 0.6831855793209484
0.2622570269515946 0.6523436632458557 0.6759344943060552
0.2633543462583965 0.8058996921486259 0.6353728433326435
0.26939331564295677 0.8890634628808052 0.6293599388899764
0.2531110066209473 0.9191825656268051 0.6592384317403319
0.24894731761054933 0.8479832721486352 0.6808929361373108
0.2524231643413365 0.919106653622289 0.6603495384590492
0.2520706961795026 0.6847959139623233 0.7035068115224085
0.26435169172038575 0.8014461269147073 0.6355975496857907
0.22657629427262016 0.9017212292218127 0.7146713815182026
0.2515273327520595 0.9218645271119275 0.6602084492472498
0.2542059764151594 0.8328500082619353 0.6613772597854842
0.2281068571386684 0.8953225965132503 0.7117828524391128
0.2647099819080224 0.5828268258613374 0.7106070257314123
0.28564963071596405 0.6839651404034001 0.6267806729544547
0.24936972813399505 0.9427985181618098 0.6724342612693028
0.35664794141466605 0.5675859851734922 0.6491586237936442
0.26233109304236424 0.7854673191078709 0.6465877873767083
0.260074294546505 0.7817609378851418 0.6477735987595081
0.2549822457346721 0.7619723728111364 0.6831855793209484
0.2622570269515946 0.6523436632458557 0.6759344943060552
0.2633543462583965 0.8058996921486259 0.6353728433326435
0.26939331564295677 0.8890634628808052 0.6293599388899764
0.2531110066209473 0.9191825656268051 0.6592384317403319
0.34924734404010216 0.5622162648514694 0.654503479259062
0.23128005818069053 0.8139625017976371 0.7072990330616731
0.26654985420815236 0.677158431802081 0.6689920977385948
0.2830327671528541 0.6009408019053455 0.6333423978237895
0.252082616970395 0.6265606749631176 0.7196122745918407
0.265685180966838 0.7158345725390233 0.6747829127999538
0.2637032872004881 0.8552981635906595 0.6337846998057273
0.2845198929836399 0.7002220257002515 0.6264692505704497
0.26828371924309413 0.8899353863641776 0.6321432485230557
0.28603265080490914 0.6692580691259925 0.627070044434959
0.24894731761054933 0.8479832721486352 0.6808929361373108
0.2524231643413365 0.919106653622289 0.6603495384590492
0.2520706961795026 0.6847959139623233 0.7035068115224085
0.26435169172038575 0.8014461269147073 0.6355975496857907
0.22657629427262016 0.9017212292218127 0.7146713815182026
0.2515273327520595 0.9218645271119275 0.6602084492472498
0.2542059764151594 0.8328500082619353 0.6613772597854842
0.2281068571386684 0.8953225965132503 0.7117828524391128
0.2647099819080224 0.5828268258613374 0.7106070257314123
0.28564963071596405 0.6839651404034001 0.6267806729544547
0.24936972813399505 0.9427985181618098 0.6724342612693028
0.35664794141466605 0.5675859851734922 0.6491586237936442
0.26233109304236424 0.7854673191078709 0.6465877873767083
0.260074294546505 0.7817609378851418 0.6477735987595081
0.2549822457346721 0.7619723728111364 0.6831855793209484
0.2622570269515946 0.6523436632458557 0.6759344943060552
0.2633543462583965 0.8058996921486259 0.6353728433326435
0.26939331564295677 0.8890634628808052 0.6293599388899764
0.2531110066209473 0.9191825656268051 0.6592384317403319
0.34924734404010216 0.5622162648514694 0.654503479259062
0.23128005818069053 0.8139625017976371 0.7072990330616731
0.26654985420815236 0.677158431802081 0.6689920977385948
0.2830327671528541 0.6009408019053455 0.6333423978237895
0.252082616970395 0.6265606749631176 0.7196122745918407
0.265685180966838 0.7158345725390233 0.6747829127999538
0.2637032872004881 0.8552981635906595 0.6337846998057273
0.2845198929836399 0.7002220257002515 0.6264692505704497
0.26828371924309413 0.8899353863641776 0.6321432485230557
0.28603265080490914 0.6692580691259925 0.627070044434959
0.23575708265275097 0.8065120104816585 0.7027573765364035
0.28866282585914627 0.5767669460216163 0.6265238734112086
0.2533009248244693 0.814973349243017 0.6695780042485033
0.24446946148336413 0.7694756242416511 0.7079317549392374
0.27292219529409967 0.6824308398756678 0.6432146817154063
0.27182992807554807 0.8250395123023231 0.6270933917570048
0.2517517234126768 0.6362803488846915 0.7162041872202518
0.25867394593675785 0.7983279844774587 0.6490499366142566
0.2572668160733095 0.7777877721153041 0.6738674474837387
0.2741574511686107 0.7450624033640983 0.6319603080020454
0.24894731761054933 0.8479832721486352 0.6808929361373108
0.2524231643413365 0.919106653622289 0.6603495384590492
0.2520706961795026 0.6847959139623233 0.7035068115224085
0.26435169172038575 0.8014461269147073 0.6355975496857907
0.22657629427262016 0.9017212292218127 0.7146713815182026
0.2515273327520595 0.9218645271119275 0.6602084492472498
0.2542059764151594 0.8328500082619353 0.6613772597854842
0.2281068571386684 0.8953225965132503 0.7117828524391128
0.2647099819080224 0.5828268258613374 0.7106070257314123
0.28564963071596405 0.6839651404034001 0.6267806729544547
0.24936972813399505 0.9427985181618098 0.6724342612693028
0.35664794141466605 0.5675859851734922 0.6491586237936442
0.26233109304236424 0.7854673191078709 0.6465877873767083
0.260074294546505 0.7817609378851418 0.6477735987595081
0.2549822457346721 0.7619723728111364 0.6831855793209484
0.2622570269515946 0.6523436632458557 0.6759344943060552
0.2633543462583965 0.8058996921486259 0.6353728433326435
0.26939331564295677 0.8890634628808052 0.6293599388899764
0.2531110066209473 0.9191825656268051 0.6592384317403319
0.34924734404010216 0.5622162648514694 0.654503479259062
0.23128005818069053 0.8139625017976371 0.7072990330616731
0.26654985420815236 0.677158431802081 0.6689920977385948
0.2830327671528541 0.6009408019053455 0.6333423978237895
0.252082616970395 0.6265606749631176 0.7196122745918407
0.2637032872004881 0.8552981635906595 0.6337846998057273
0.2845198929836399 0.7002220257002515 0.6264692505704497
0.26828371924309413 0.8899353863641776 0.6321432485230557
0.28603265080490914 0.6692580691259925 0.627070044434959
0.23575708265275097 0.8065120104816585 0.7027573765364035
0.28866282585914627 0.5767669460216163 0.6265238734112086
0.2533009248244693 0.814973349243017 0.6695780042485033
0.24446946148336413 0.7694756242416511 0.7079317549392374
0.27292219529409967 0.6824308398756678 0.6432146817154063
0.27182992807554807 0.8250395123023231 0.6270933917570048
0.25867394593675785 0.7983279844774587 0.6490499366142566
0.2572668160733095 0.7777877721153041 0.6738674474837387
0.2741574511686107 0.7450624033640983 0.6319603080020454
0.2503732829063955 0.9082798007005369 0.6614554861708172
0.2734518795142623 0.7241300030597208 0.6388837563665384
0.25014429556127116 0.634953323440921 0.7163915740277776
0.2581807371418614 0.5952643876744442 0.7104637705431897
0.25620141726937384 0.870240770041618 0.6568436574416127
0.2594997459862095 0.7878305397794716 0.6468012560402931
0.24840693062045305 0.9016241523809875 0.6776715436432224
0.26568907995018387 0.6971508229760948 0.6457642040605452
0.27236717168254143 0.6511408864342993 0.6586452344719785
0.24806098874313975 0.8345998281318521 0.681023340299796
0.2600214411431899 0.674395263357174 0.6756410012396536
0.2758781959792256 0.6628124412319905 0.6484285400897607
0.2565417872187963 0.863964452410113 0.6575611777023802
0.27390854382027374 0.7051081136479598 0.6396814674718886
0.2698049918794606 0.6523184943876168 0.6730587948253287
0.2578396284080662 0.8548816288103688 0.6466609310302289
0.27649384563782886 0.6665325394194467 0.6431253062938589
0.28303321720733343 0.7952670631885279 0.6254244371185349
0.24894731761054933 0.8479832721486352 0.6808929361373108
0.2524231643413365 0.919106653622289 0.6603495384590492
0.2520706961795026 0.6847959139623233 0.7035068115224085
0.26435169172038575 0.8014461269147073 0.6355975496857907
0.22657629427262016 0.9017212292218127 0.7146713815182026
0.2515273327520595 0.9218645271119275 0.6602084492472498
0.2542059764151594 0.8328500082619353 0.6613772597854842
0.2647099819080224 0.5828268258613374 0.7106070257314123
0.28564963071596405 0.6839651404034001 0.6267806729544547
0.24936972813399505 0.9427985181618098 0.6724342612693028
0.35664794141466605 0.5675859851734922 0.6491586237936442
0.26233109304236424 0.7854673191078709 0.6465877873767083
0.2549822457346721 0.7619723728111364 0.6831855793209484
0.2622570269515946 0.6523436632458557 0.6759344943060552
0.2633543462583965 0.8058996921486259 0.6353728433326435
0.26939331564295677 0.8890634628808052 0.6293599388899764
0.2531110066209473 0.9191825656268051 0.6592384317403319
0.34924734404010216 0.5622162648514694 0.654503479259062
0.23128005818069053 0.8139625017976371 0.7072990330616731
0.26654985420815236 0.677158431802081 0.6689920977385948
0.2830327671528541 0.6009408019053455 0.6333423978237895
0.252082616970395 0.6265606749631176 0.7196122745918407
0.2637032872004881 0.8552981635906595 0.6337846998057273
0.2845198929836399 0.7002220257002515 0.6264692505704497
0.26828371924309413 0.8899353863641776 0.6321432485230557
0.28603265080490914 0.6692580691259925 0.627070044434959
0.28866282585914627 0.5767669460216163 0.6265238734112086
0.2533009248244693 0.814973349243017 0.6695780042485033
0.24446946148336413 0.7694756242416511 0.7079317549392374
0.27292219529409967 0.6824308398756678 0.6432146817154063
0.27182992807554807 0.8250395123023231 0.6270933917570048
0.25867394593675785 0.7983279844774587 0.6490499366142566
0.2572668160733095 0.7777877721153041 0.6738674474837387
0.2741574511686107 0.7450624033640983 0.6319603080020454
0.2734518795142623 0.7241300030597208 0.6388837563665384
0.25014429556127116 0.634953323440921 0.7163915740277776
0.2581807371418614 0.5952643876744442 0.7104637705431897
0.25620141726937384 0.870240770041618 0.6568436574416127
0.2594997459862095 0.7878305397794716 0.6468012560402931
0.24840693062045305 0.9016241523809875 0.6776715436432224
0.26568907995018387 0.6971508229760948 0.6457642040605452
0.24806098874313975 0.8345998281318521 0.681023340299796
0.2600214411431899 0.674395263357174 0.6756410012396536
0.2758781959792256 0.6628124412319905 0.6484285400897607
0.2565417872187963 0.863964452410113 0.6575611777023802
0.27390854382027374 0.7051081136479598 0.6396814674718886
0.2698049918794606 0.6523184943876168 0.6730587948253287
0.2578396284080662 0.8548816288103688 0.6466609310302289
0.27649384563782886 0.6665325394194467 0.6431253062938589
0.28303321720733343 0.7952670631885279 0.6254244371185349
0.2746469130005913 0.908747639527215 0.6249262052286996
0.24203238604196986 0.8700814094058081 0.6890209495588251
0.27933170544120733 0.6192400914921596 0.6534510080367975
0.25691147917538326 0.6564126201545806 0.6857099197092307
0.2771324932078002 0.6462109966612974 0.6496859210088157
0.2496533924267359 0.8270850266900905 0.6795509519763812
0.2573780884617832 0.7862507666848648 0.6708542974043001
0.23587775752708595 0.8044687241404488 0.7022796993491491
0.25319118458337897 0.7348620765994356 0.6845653053819937
0.23230407827803012 0.8625666000658404 0.7027375581306035
0.2676135156898457 0.9030656284617502 0.6288778566292972
0.27377007931412634 0.6800466277690871 0.6421294477761728
0.2816487915317053 0.8421956265881011 0.6253236075215342
0.27261218551287714 0.7269888279907291 0.6398385691972712
0.25937812932820736 0.7419764808477962 0.6479783125643319
0.2673466055070277 0.7974584166835486 0.6345137099609254
0.2724571549638566 0.6500989082196975 0.6586044389765691
0.26778882869861476 0.6944103050338067 0.6427970993315253
0.2715741229398112 0.7760030102037683 0.630637877389576
0.2823456831090816 0.8344444670821923 0.6266037986342033
0.27220996481390747 0.7541313005326369 0.6335672170593578
0.27324949267902177 0.7467767098231557 0.6321314595190994
0.2580948317586008 0.7572968608833497 0.660035397755556
0.24894731761054933 0.8479832721486352 0.6808929361373108
0.2524231643413365 0.919106653622289 0.6603495384590492
0.2520706961795026 0.6847959139623233 0.7035068115224085
0.2515273327520595 0.9218645271119275 0.6602084492472498
0.2542059764151594 0.8328500082619353 0.6613772597854842
0.2647099819080224 0.5828268258613374 0.7106070257314123
0.28564963071596405 0.6839651404034001 0.6267806729544547
0.35664794141466605 0.5675859851734922 0.6491586237936442
0.26233109304236424 0.7854673191078709 0.6465877873767083
0.2549822457346721 0.7619723728111364 0.6831855793209484
0.2622570269515946 0.6523436632458557 0.6759344943060552
0.2633543462583965 0.8058996921486259 0.6353728433326435
0.26939331564295677 0.8890634628808052 0.6293599388899764
0.34924734404010216 0.5622162648514694 0.654503479259062
0.23128005818069053 0.8139625017976371 0.7072990330616731
0.26654985420815236 0.677158431802081 0.6689920977385948
0.2830327671528541 0.6009408019053455 0.6333423978237895
0.252082616970395 0.6265606749631176 0.7196122745918407
0.2637032872004881 0.8552981635906595 0.6337846998057273
0.2845198929836399 0.7002220257002515 0.6264692505704497
0.28603265080490914 0.6692580691259925 0.627070044434959
0.28866282585914627 0.5767669460216163 0.6265238734112086
0.2533009248244693 0.814973349243017 0.6695780042485033
0.24446946148336413 0.7694756242416511 0.7079317549392374
0.27292219529409967 0.6824308398756678 0.6432146817154063
0.27182992807554807 0.8250395123023231 0.6270933917570048
0.25867394593675785 0.7983279844774587 0.6490499366142566
0.2572668160733095 0.7777877721153041 0.6738674474837387
0.2734518795142623 0.7241300030597208 0.6388837563665384
0.25014429556127116 0.634953323440921 0.7163915740277776
0.2581807371418614 0.5952643876744442 0.7104637705431897
0.25620141726937384 0.870240770041618 0.6568436574416127
0.2594997459862095 0.7878305397794716 0.6468012560402931
0.26568907995018387 0.6971508229760948 0.6457642040605452
0.24806098874313975 0.8345998281318521 0.681023340299796
0.2600214411431899 0.674395263357174 0.6756410012396536
0.2758781959792256 0.6628124412319905 0.6484285400897607
0.2565417872187963 0.863964452410113 0.6575611777023802
0.27390854382027374 0.7051081136479598 0.6396814674718886
0.2698049918794606 0.6523184943876168 0.6730587948253287
0.27649384563782886 0.6665325394194467 0.6431253062938589
0.28303321720733343 0.7952670631885279 0.6254244371185349
0.2746469130005913 0.908747639527215 0.6249262052286996
0.27933170544120733 0.6192400914921596 0.6534510080367975
0.25691147917538326 0.6564126201545806 0.6857099197092307
0.2771324932078002 0.6462109966612974 0.6496859210088157
0.2496533924267359 0.8270850266900905 0.6795509519763812
0.2573780884617832 0.7862507666848648 0.6708542974043001
0.23587775752708595 0.8044687241404488 0.7022796993491491
0.25319118458337897 0.7348620765994356 0.6845653053819937
0.23230407827803012 0.8625666000658404 0.7027375581306035
0.2676135156898457 0.9030656284617502 0.6288778566292972
0.27377007931412634 0.6800466277690871 0.6421294477761728
0.2816487915317053 0.8421956265881011 0.6253236075215342
0.27261218551287714 0.7269888279907291 0.6398385691972712
0.25937812932820736 0.7419764808477962 0.6479783125643319
0.2673466055070277 0.7974584166835486 0.6345137099609254
0.2724571549638566 0.6500989082196975 0.6586044389765691
0.26778882869861476 0.6944103050338067 0.6427970993315253
0.2715741229398112 0.7760030102037683 0.630637877389576
0.2823456831090816 0.8344444670821923 0.6266037986342033
0.27220996481390747 0.7541313005326369 0.6335672170593578
0.27324949267902177 0.7467767098231557 0.6321314595190994
0.2580948317586008 0.7572968608833497 0.660035397755556
0.22585875936457023 0.9009447936856482 0.7146767855453762
0.2760969962596369 0.8745995055017586 0.6245341498113315
0.24228626162776679 0.8605685928412673 0.6891170905178277
0.2489196133262691 0.7616699720723107 0.6990277232802978
0.2640986669013997 0.7955079016688977 0.6356029325574133
0.2839338611290868 0.7230242560124376 0.6271455725021229
0.25518713090130407 0.622051757023637 0.7081857403498844
0.2266722134446888 0.9338693334183042 0.7113163161220128
0.238389593836159 0.8970279722472436 0.6975686190436214
0.2523749884608729 0.8215635042574279 0.6695838999170969
0.2654866167426474 0.9180364444595472 0.6288043125757232
0.24799739595347647 0.9064140198386413 0.6725491854804795
0.26869179910436725 0.6907722566360998 0.6542778341016398
0.2673418974643721 0.6708418509624328 0.6692575430801749
0.24517255791568726 0.8575760644614112 0.6831703247149115
0.2748357047740039 0.6868551997853136 0.6397202839967184
0.26815876372653447 0.8841035117729156 0.6328384937070146
0.27414779559120095 0.6691993688567417 0.6440867725583455
0.24462304720727013 0.8933023612469214 0.677720400354599
0.2687752258660221 0.7235473292306085 0.6403265194510792
0.2716091503129109 0.736931754717224 0.6398913544064317
0.27536000245614634 0.6676272502723065 0.6330485105329229
0.23857141277275773 0.7934697460429478 0.7011693296045214
0.2578838256766641 0.8416076177276046 0.646844233865923
0.26409659026311794 0.7941066331951516 0.6413297672146634
0.22992354614682498 0.8767367748987934 0.712090787035245
0.2726674075956008 0.6754646486891123 0.6544295147230418
0.27383142812700545 0.9109787412719481 0.62544370858463
0.26685369586450935 0.9129519829937183 0.629755905441655
0.26831329590394803 0.9006864814199407 0.6289083990392046
0.27422919889661523 0.7343850811755528 0.6318398074124276
0.24894731761054933 0.8479832721486352 0.6808929361373108
0.2520706961795026 0.6847959139623233 0.7035068115224085
0.2542059764151594 0.8328500082619353 0.6613772597854842
0.2647099819080224 0.5828268258613374 0.7106070257314123
0.28564963071596405 0.6839651404034001 0.6267806729544547
0.35664794141466605 0.5675859851734922 0.6491586237936442
0.26233109304236424 0.7854673191078709 0.6465877873767083
0.2549822457346721 0.7619723728111364 0.6831855793209484
0.2622570269515946 0.6523436632458557 0.6759344943060552
0.2633543462583965 0.8058996921486259 0.6353728433326435
0.26939331564295677 0.8890634628808052 0.6293599388899764
0.34924734404010216 0.5622162648514694 0.654503479259062
0.23128005818069053 0.8139625017976371 0.7072990330616731
0.26654985420815236 0.677158431802081 0.6689920977385948
0.2830327671528541 0.6009408019053455 0.6333423978237895
0.252082616970395 0.6265606749631176 0.7196122745918407
0.2637032872004881 0.8552981635906595 0.6337846998057273
0.2845198929836399 0.7002220257002515 0.6264692505704497
0.28603265080490914 0.6692580691259925 0.627070044434959
0.28866282585914627 0.5767669460216163 0.6265238734112086
0.2533009248244693 0.814973349243017 0.6695780042485033
0.24446946148336413 0.7694756242416511 0.7079317549392374
0.27292219529409967 0.6824308398756678 0.6432146817154063
0.27182992807554807 0.8250395123023231 0.6270933917570048
0.25867394593675785 0.7983279844774587 0.6490499366142566
0.2572668160733095 0.7777877721153041 0.6738674474837387
0.2734518795142623 0.7241300030597208 0.6388837563665384
0.25014429556127116 0.634953323440921 0.7163915740277776
0.2581807371418614 0.5952643876744442 0.7104637705431897
0.25620141726937384 0.870240770041618 0.6568436574416127
0.2594997459862095 0.7878305397794716 0.6468012560402931
0.26568907995018387 0.6971508229760948 0.6457642040605452
0.24806098874313975 0.8345998281318521 0.681023340299796
0.2600214411431899 0.674395263357174 0.6756410012396536
0.2758781959792256 0.6628124412319905 0.6484285400897607
0.2565417872187963 0.863964452410113 0.6575611777023802
0.27390854382027374 0.7051081136479598 0.6396814674718886
0.2698049918794606 0.6523184943876168 0.6730587948253287
0.27649384563782886 0.6665325394194467 0.6431253062938589
0.28303321720733343 0.7952670631885279 0.6254244371185349
0.2746469130005913 0.908747639527215 0.6249262052286996
0.27933170544120733 0.6192400914921596 0.6534510080367975
0.25691147917538326 0.6564126201545806 0.6857099197092307
0.2771324932078002 0.6462109966612974 0.6496859210088157
0.2496533924267359 0.8270850266900905 0.6795509519763812
0.23587775752708595 0.8044687241404488 0.7022796993491491
0.23230407827803012 0.8625666000658404 0.7027375581306035
0.2676135156898457 0.9030656284617502 0.6288778566292972
0.27377007931412634 0.6800466277690871 0.6421294477761728
0.2816487915317053 0.8421956265881011 0.6253236075215342
0.27261218551287714 0.7269888279907291 0.6398385691972712
0.25937812932820736 0.7419764808477962 0.6479783125643319
0.2673466055070277 0.7974584166835486 0.6345137099609254
0.2724571549638566 0.6500989082196975 0.6586044389765691
0.26778882869861476 0.6944103050338067 0.6427970993315253
0.2715741229398112 0.7760030102037683 0.630637877389576
0.2823456831090816 0.8344444670821923 0.6266037986342033
0.27220996481390747 0.7541313005326369 0.6335672170593578
0.27324949267902177 0.7467767098231557 0.6321314595190994
0.2580948317586008 0.7572968608833497 0.660035397755556
0.22585875936457023 0.9009447936856482 0.7146767855453762
0.2760969962596369 0.8745995055017586 0.6245341498113315
0.24228626162776679 0.8605685928412673 0.6891170905178277
0.2640986669013997 0.7955079016688977 0.6356029325574133
0.2839338611290868 0.7230242560124376 0.6271455725021229
0.25518713090130407 0.622051757023637 0.7081857403498844
0.2266722134446888 0.9338693334183042 0.7113163161220128
0.238389593836159 0.8970279722472436 0.6975686190436214
0.2523749884608729 0.8215635042574279 0.6695838999170969
0.2654866167426474 0.9180364444595472 0.6288043125757232
0.26869179910436725 0.6907722566360998 0.6542778341016398
0.2673418974643721 0.6708418509624328 0.6692575430801749
0.24517255791568726 0.8575760644614112 0.6831703247149115
0.2748357047740039 0.6868551997853136 0.6397202839967184
0.26815876372653447 0.8841035117729156 0.6328384937070146
0.27414779559120095 0.6691993688567417 0.6440867725583455
0.24462304720727013 0.8933023612469214 0.677720400354599
0.2687752258660221 0.7235473292306085 0.6403265194510792
0.2716091503129109 0.736931754717224 0.6398913544064317
0.27536000245614634 0.6676272502723065 0.6330485105329229
0.23857141277275773 0.7934697460429478 0.7011693296045214
0.2578838256766641 0.8416076177276046 0.646844233865923
0.22992354614682498 0.8767367748987934 0.712090787035245
0.2726674075956008 0.6754646486891123 0.6544295147230418
0.26685369586450935 0.9129519829937183 0.629755905441655
0.26831329590394803 0.9006864814199407 0.6289083990392046
0.27422919889661523 0.7343850811755528 0.6318398074124276
0.2519381142702931 0.8978492437617213 0.662388511451867
0.2563936367806535 0.9540457542104229 0.6450006315646657
0.23164487395669853 0.8491825408096622 0.7069284542778999
0.25181945028529573 0.6318113429207789 0.7196051460617406
0.22614302443576528 0.8953561939992273 0.7170088715144359
0.2552064649373593 0.7167365089571784 0.6975103157497642
0.26636425343100967 0.7658127798190172 0.6373878043978025
0.27489112756295986 0.6600868366172103 0.6496986037259592
0.28101049276759493 0.8016597811197206 0.6275358678382715
0.23736373906239605 0.9029638377809346 0.6998498325398683
0.2462974875934768 0.7609090870870654 0.6990589941245503
0.25252653796298075 0.8068809615924825 0.6745303414462078
0.2510740583957519 0.878930989318242 0.6716104658058791
0.2532346039100125 0.7321143021772192 0.6845460910844741
0.2406891056861309 0.8868140336020375 0.6781930000622367
0.25816834162716606 0.6336800406814369 0.6775371549521239
0.2583742525733227 0.6210716456965965 0.700057194392475
0.22716025902024495 0.8841341242174434 0.711792000495765
0.24994293957918423 0.6956649309544145 0.6986931531178942
0.24741723187830233 0.8719411951459639 0.6805664641441048
0.2258721299496883 0.8994835371763281 0.7155672638787334
0.2569406035681503 0.7027596535217512 0.6849399185785122
0.23088826695269626 0.9008877030981401 0.7109370677222435
0.2549110560607597 0.8728816407197288 0.6567278695634489
0.27788874298479693 0.6214928177089545 0.6527588065671762
0.25001232428881714 0.7676541959401404 0.6839505863915538
0.26961616453028237 0.6907722636827467 0.6537026527885681
0.26306012874807705 0.7764069918778594 0.6416085383487949
0.2554059719710824 0.7866223271727564 0.6603452153807587
0.24325664621016485 0.8988979605554663 0.6777786393534326
0.24925166973095048 0.6475538198165223 0.7160107957749308
0.26318536642602874 0.8083050954718363 0.634417023385768
0.2629725146890318 0.7363285348075057 0.6471162357061468
0.24592685497098865 0.9022657655388453 0.6727288521990018
0.2743420002747996 0.8873092164682895 0.6260777461367468
0.2732144464672155 0.8946093464400859 0.625710321670085
0.25014825056635015 0.9108680797319458 0.6607534141785121
0.26670013870977394 0.8243783164702161 0.6335576609043159
0.2295912840269878 0.9016858705764755 0.7071466180764567
0.24894731761054933 0.8479832721486352 0.6808929361373108
0.2520706961795026 0.6847959139623233 0.7035068115224085
0.2647099819080224 0.5828268258613374 0.7106070257314123
0.28564963071596405 0.6839651404034001 0.6267806729544547
0.35664794141466605 0.5675859851734922 0.6491586237936442
0.26233109304236424 0.7854673191078709 0.6465877873767083
0.2622570269515946 0.6523436632458557 0.6759344943060552
0.2633543462583965 0.8058996921486259 0.6353728433326435
0.34924734404010216 0.5622162648514694 0.654503479259062
0.26654985420815236 0.677158431802081 0.6689920977385948
0.2830327671528541 0.6009408019053455 0.6333423978237895
0.252082616970395 0.6265606749631176 0.7196122745918407
0.2637032872004881 0.8552981635906595 0.6337846998057273
0.2845198929836399 0.7002220257002515 0.6264692505704497
0.28603265080490914 0.6692580691259925 0.627070044434959
0.28866282585914627 0.5767669460216163 0.6265238734112086
0.2533009248244693 0.814973349243017 0.6695780042485033
0.24446946148336413 0.7694756242416511 0.7079317549392374
0.27292219529409967 0.6824308398756678 0.6432146817154063
0.27182992807554807 0.8250395123023231 0.6270933917570048
0.25867394593675785 0.7983279844774587 0.6490499366142566
0.2572668160733095 0.7777877721153041 0.6738674474837387
0.2734518795142623 0.7241300030597208 0.6388837563665384
0.25014429556127116 0.634953323440921 0.7163915740277776
0.2594997459862095 0.7878305397794716 0.6468012560402931
0.26568907995018387 0.6971508229760948 0.6457642040605452
0.24806098874313975 0.8345998281318521 0.681023340299796
0.2600214411431899 0.674395263357174 0.6756410012396536
0.2758781959792256 0.6628124412319905 0.6484285400897607
0.2565417872187963 0.863964452410113 0.6575611777023802
0.27390854382027374 0.7051081136479598 0.6396814674718886
0.2698049918794606 0.6523184943876168 0.6730587948253287
0.27649384563782886 0.6665325394194467 0.6431253062938589
0.28303321720733343 0.7952670631885279 0.6254244371185349
0.2746469130005913 0.908747639527215 0.6249262052286996
0.27933170544120733 0.6192400914921596 0.6534510080367975
0.25691147917538326 0.6564126201545806 0.6857099197092307
0.2771324932078002 0.6462109966612974 0.6496859210088157
0.2496533924267359 0.8270850266900905 0.6795509519763812
0.2676135156898457 0.9030656284617502 0.6288778566292972
0.27377007931412634 0.6800466277690871 0.6421294477761728
0.2816487915317053 0.8421956265881011 0.6253236075215342
0.27261218551287714 0.7269888279907291 0.6398385691972712
0.25937812932820736 0.7419764808477962 0.6479783125643319
0.2724571549638566 0.6500989082196975 0.6586044389765691
0.26778882869861476 0.6944103050338067 0.6427970993315253
0.2715741229398112 0.7760030102037683 0.630637877389576
0.27220996481390747 0.7541313005326369 0.6335672170593578
0.27324949267902177 0.7467767098231557 0.6321314595190994
0.2580948317586008 0.7572968608833497 0.660035397755556
0.22585875936457023 0.9009447936856482 0.7146767855453762
0.2760969962596369 0.8745995055017586 0.6245341498113315
0.24228626162776679 0.8605685928412673 0.6891170905178277
0.2640986669013997 0.7955079016688977 0.6356029325574133
0.2839338611290868 0.7230242560124376 0.6271455725021229
0.25518713090130407 0.622051757023637 0.7081857403498844
0.2266722134446888 0.9338693334183042 0.7113163161220128
0.238389593836159 0.8970279722472436 0.6975686190436214
0.2523749884608729 0.8215635042574279 0.6695838999170969
0.2654866167426474 0.9180364444595472 0.6288043125757232
0.26869179910436725 0.6907722566360998 0.6542778341016398
0.2673418974643721 0.6708418509624328 0.6692575430801749
0.24517255791568726 0.8575760644614112 0.6831703247149115
0.2748357047740039 0.6868551997853136 0.6397202839967184
0.27414779559120095 0.6691993688567417 0.6440867725583455
0.24462304720727013 0.8933023612469214 0.677720400354599
0.2687752258660221 0.7235473292306085 0.6403265194510792
0.2716091503129109 0.736931754717224 0.6398913544064317
0.27536000245614634 0.6676272502723065 0.6330485105329229
0.2578838256766641 0.8416076177276046 0.646844233865923
0.22992354614682498 0.8767367748987934 0.712090787035245
0.2726674075956008 0.6754646486891123 0.6544295147230418
0.26685369586450935 0.9129519829937183 0.629755905441655
0.26831329590394803 0.9006864814199407 0.6289083990392046
0.27422919889661523 0.7343850811755528 0.6318398074124276
0.2563936367806535 0.9540457542104229 0.6450006315646657
0.23164487395669853 0.8491825408096622 0.7069284542778999
0.25181945028529573 0.6318113429207789 0.7196051460617406
0.2552064649373593 0.7167365089571784 0.6975103157497642
0.27489112756295986 0.6600868366172103 0.6496986037259592
0.28101049276759493 0.8016597811197206 0.6275358678382715
0.23736373906239605 0.9029638377809346 0.6998498325398683
0.2462974875934768 0.7609090870870654 0.6990589941245503
0.25252653796298075 0.8068809615924825 0.6745303414462078
0.2510740583957519 0.878930989318242 0.6716104658058791
0.2532346039100125 0.7321143021772192 0.6845460910844741
0.2406891056861309 0.8868140336020375 0.6781930000622367
0.25816834162716606 0.6336800406814369 0.6775371549521239
0.2583742525733227 0.6210716456965965 0.700057194392475
0.22716025902024495 0.8841341242174434 0.711792000495765
0.24994293957918423 0.6956649309544145 0.6986931531178942
0.24741723187830233 0.8719411951459639 0.6805664641441048
0.2258721299496883 0.8994835371763281 0.7155672638787334
0.2569406035681503 0.7027596535217512 0.6849399185785122
0.23088826695269626 0.9008877030981401 0.7109370677222435
0.2549110560607597 0.8728816407197288 0.6567278695634489
0.27788874298479693 0.6214928177089545 0.6527588065671762
0.25001232428881714 0.7676541959401404 0.6839505863915538
0.26961616453028237 0.6907722636827467 0.6537026527885681
0.26306012874807705 0.7764069918778594 0.6416085383487949
0.2554059719710824 0.7866223271727564 0.6603452153807587
0.24325664621016485 0.8988979605554663 0.6777786393534326
0.26318536642602874 0.8083050954718363 0.634417023385768
0.2629725146890318 0.7363285348075057 0.6471162357061468
0.24592685497098865 0.9022657655388453 0.6727288521990018
0.2732144464672155 0.8946093464400859 0.625710321670085
0.25014825056635015 0.9108680797319458 0.6607534141785121
0.26670013870977394 0.8243783164702161 0.6335576609043159
0.2295912840269878 0.9016858705764755 0.7071466180764567
0.22537445500795705 0.8886237272404715 0.7171516452444122
0.28481810949547226 0.8736131111024642 0.6244851755045164
0.2620396576824462 0.9611035428543683 0.6339325450771365
0.23415552524594996 0.7742371182213144 0.720658170322205
0.23924631959411236 0.8161618783833864 0.6952690068628851
0.25141277711785825 0.8978491496838888 0.6624844367962608
0.25423860217010563 0.5933617758954236 0.7107662643921097
0.28156641048999576 0.6112694765753969 0.6384830517583668
0.2353882005200404 0.9241208743984061 0.6984906800204516
0.23069128454504761 0.9492110091075984 0.7027672934968885
0.2505713776258184 0.8108860271240367 0.6739728332030885
0.2537903034529919 0.7286246291417535 0.6974651841361739
0.23709992188681728 0.7934937129246374 0.7010171588952561
0.25900474228311676 0.8462611516761452 0.6417256776450176
0.25725973321970763 0.7295941491949829 0.6767875815346853
0.2840821432591779 0.6044921381074417 0.6299829398627083
0.2620196452355754 0.8361788446823859 0.6376893687220964
0.257693702117317 0.9467683379495954 0.6459413084102326
0.2616689758049068 0.8232790908281586 0.6412587880459306
0.2516688226486935 0.7498665218199672 0.6833375933175105
0.2654216302380036 0.6147624383487551 0.6802435466655277
0.2706694019185548 0.8857926006698021 0.6286383008139831
0.28237988957420723 0.720625773427167 0.62800876836926
0.25303111906920817 0.8322424112589369 0.6613842396572536
0.24556507517071102 0.7584180483693945 0.7014386728396615
0.2748352690909315 0.6631801770199737 0.6485765898523552
0.26088761855519926 0.8496622830856115 0.6347781512814205
0.2738836915049667 0.8185787392467896 0.626703378503318
0.2577383355732247 0.781737588668785 0.6598929441870824
0.2535598540352373 0.8694577360745699 0.6581376770301539
0.2553664958669859 0.865946011803138 0.6569747517647649
0.2473699688224672 0.8358735963917027 0.6812933444987189
0.2758415172503277 0.7849840907480696 0.6299280946023502
0.23120206761804618 0.8090390746474686 0.7073852512492624
0.2679734451534832 0.7617166544697326 0.6330129139856868
0.24981578709889962 0.6465839160099076 0.7155304869593728
0.2325255936352708 0.8610385274695949 0.7024448988674168
0.2639677188106452 0.7168768148982656 0.648235015867623
0.2498777942451853 0.9028499506801767 0.6616281062115272
0.2509189326244273 0.8977456984614971 0.67162558883285
0.23523012193188841 0.7361470752856611 0.7082406888296843
0.2658609018687592 0.7375957486902531 0.637651803238116
0.23521630381866676 0.8002451898538103 0.7027608693354664
0.2459295346537833 0.884609631187414 0.678957855954551
0.25876358139552125 0.8798428094039892 0.644564157518724
0.26889616323739574 0.8262860526823577 0.6295560767998151
0.24894731761054933 0.8479832721486352 0.6808929361373108
0.2520706961795026 0.6847959139623233 0.7035068115224085
0.2647099819080224 0.5828268258613374 0.7106070257314123
0.28564963071596405 0.6839651404034001 0.6267806729544547
0.35664794141466605 0.5675859851734922 0.6491586237936442
0.26233109304236424 0.7854673191078709 0.6465877873767083
0.2622570269515946 0.6523436632458557 0.6759344943060552
0.2633543462583965 0.8058996921486259 0.6353728433326435
0.34924734404010216 0.5622162648514694 0.654503479259062
0.26654985420815236 0.677158431802081 0.6689920977385948
0.2830327671528541 0.6009408019053455 0.6333423978237895
0.252082616970395 0.6265606749631176 0.7196122745918407
0.2637032872004881 0.8552981635906595 0.6337846998057273
0.2845198929836399 0.7002220257002515 0.6264692505704497
0.28866282585914627 0.5767669460216163 0.6265238734112086
0.2533009248244693 0.814973349243017 0.6695780042485033
0.24446946148336413 0.7694756242416511 0.7079317549392374
0.27292219529409967 0.6824308398756678 0.6432146817154063
0.27182992807554807 0.8250395123023231 0.6270933917570048
0.2572668160733095 0.7777877721153041 0.6738674474837387
0.2734518795142623 0.7241300030597208 0.6388837563665384
0.25014429556127116 0.634953323440921 0.7163915740277776
0.2594997459862095 0.7878305397794716 0.6468012560402931
0.26568907995018387 0.6971508229760948 0.6457642040605452
0.24806098874313975 0.8345998281318521 0.681023340299796
0.2600214411431899 0.674395263357174 0.6756410012396536
0.2758781959792256 0.6628124412319905 0.6484285400897607
0.2565417872187963 0.863964452410113 0.6575611777023802
0.27390854382027374 0.7051081136479598 0.6396814674718886
0.2698049918794606 0.6523184943876168 0.6730587948253287
0.27649384563782886 0.6665325394194467 0.6431253062938589
0.28303321720733343 0.7952670631885279 0.6254244371185349
0.2746469130005913 0.908747639527215 0.6249262052286996
0.27933170544120733 0.6192400914921596 0.6534510080367975
0.25691147917538326 0.6564126201545806 0.6857099197092307
0.2771324932078002 0.6462109966612974 0.6496859210088157
0.2496533924267359 0.8270850266900905 0.6795509519763812
0.2676135156898457 0.9030656284617502 0.6288778566292972
0.27377007931412634 0.6800466277690871 0.6421294477761728
0.2816487915317053 0.8421956265881011 0.6253236075215342
0.27261218551287714 0.7269888279907291 0.6398385691972712
0.25937812932820736 0.7419764808477962 0.6479783125643319
0.2724571549638566 0.6500989082196975 0.6586044389765691
0.26778882869861476 0.6944103050338067 0.6427970993315253
0.2715741229398112 0.7760030102037683 0.630637877389576
0.27220996481390747 0.7541313005326369 0.6335672170593578
0.27324949267902177 0.7467767098231557 0.6321314595190994
0.2580948317586008 0.7572968608833497 0.660035397755556
0.22585875936457023 0.9009447936856482 0.7146767855453762
0.2760969962596369 0.8745995055017586 0.6245341498113315
0.24228626162776679 0.8605685928412673 0.6891170905178277
0.2640986669013997 0.7955079016688977 0.6356029325574133
0.2839338611290868 0.7230242560124376 0.6271455725021229
0.25518713090130407 0.622051757023637 0.7081857403498844
0.2266722134446888 0.9338693334183042 0.7113163161220128
0.238389593836159 0.8970279722472436 0.6975686190436214
0.2523749884608729 0.8215635042574279 0.6695838999170969
0.2654866167426474 0.9180364444595472 0.6288043125757232
0.26869179910436725 0.6907722566360998 0.6542778341016398
0.2673418974643721 0.6708418509624328 0.6692575430801749
0.24517255791568726 0.8575760644614112 0.6831703247149115
0.2748357047740039 0.6868551997853136 0.6397202839967184
0.27414779559120095 0.6691993688567417 0.6440867725583455
0.24462304720727013 0.8933023612469214 0.677720400354599
0.2687752258660221 0.7235473292306085 0.6403265194510792
0.2716091503129109 0.736931754717224 0.6398913544064317
0.27536000245614634 0.6676272502723065 0.6330485105329229
0.2578838256766641 0.8416076177276046 0.646844233865923
0.22992354614682498 0.8767367748987934 0.712090787035245
0.2726674075956008 0.6754646486891123 0.6544295147230418
0.26685369586450935 0.9129519829937183 0.629755905441655
0.26831329590394803 0.9006864814199407 0.6289083990392046
0.27422919889661523 0.7343850811755528 0.6318398074124276
0.2563936367806535 0.9540457542104229 0.6450006315646657
0.23164487395669853 0.8491825408096622 0.7069284542778999
0.25181945028529573 0.6318113429207789 0.7196051460617406
0.2552064649373593 0.7167365089571784 0.6975103157497642
0.27489112756295986 0.6600868366172103 0.6496986037259592
0.28101049276759493 0.8016597811197206 0.6275358678382715
0.23736373906239605 0.9029638377809346 0.6998498325398683
0.2462974875934768 0.7609090870870654 0.6990589941245503
0.25252653796298075 0.8068809615924825 0.6745303414462078
0.2510740583957519 0.878930989318242 0.6716104658058791
0.2532346039100125 0.7321143021772192 0.6845460910844741
0.2406891056861309 0.8868140336020375 0.6781930000622367
0.25816834162716606 0.6336800406814369 0.6775371549521239
0.22716025902024495 0.8841341242174434 0.711792000495765
0.24994293957918423 0.6956649309544145 0.6986931531178942
0.24741723187830233 0.8719411951459639 0.6805664641441048
0.2258721299496883 0.8994835371763281 0.7155672638787334
0.2569406035681503 0.7027596535217512 0.6849399185785122
0.23088826695269626 0.9008877030981401 0.7109370677222435
0.2549110560607597 0.8728816407197288 0.6567278695634489
0.27788874298479693 0.6214928177089545 0.6527588065671762
0.25001232428881714 0.7676541959401404 0.6839505863915538
0.26961616453028237 0.6907722636827467 0.6537026527885681
0.26306012874807705 0.7764069918778594 0.6416085383487949
0.2554059719710824 0.7866223271727564 0.6603452153807587
0.24325664621016485 0.8988979605554663 0.6777786393534326
0.26318536642602874 0.8083050954718363 0.634417023385768
0.2629725146890318 0.7363285348075057 0.6471162357061468
0.24592685497098865 0.9022657655388453 0.6727288521990018
0.2732144464672155 0.8946093464400859 0.625710321670085
0.26670013870977394 0.8243783164702161 0.6335576609043159
0.2295912840269878 0.9016858705764755 0.7071466180764567
0.22537445500795705 0.8886237272404715 0.7171516452444122
0.28481810949547226 0.8736131111024642 0.6244851755045164
0.2620396576824462 0.9611035428543683 0.6339325450771365
0.23415552524594996 0.7742371182213144 0.720658170322205
0.23924631959411236 0.8161618783833864 0.6952690068628851
0.25141277711785825 0.8978491496838888 0.6624844367962608
0.25423860217010563 0.5933617758954236 0.7107662643921097
0.28156641048999576 0.6112694765753969 0.6384830517583668
0.2353882005200404 0.9241208743984061 0.6984906800204516
0.2505713776258184 0.8108860271240367 0.6739728332030885
0.2537903034529919 0.7286246291417535 0.6974651841361739
0.23709992188681728 0.7934937129246374 0.7010171588952561
0.25900474228311676 0.8462611516761452 0.6417256776450176
0.25725973321970763 0.7295941491949829 0.6767875815346853
0.2840821432591779 0.6044921381074417 0.6299829398627083
0.2620196452355754 0.8361788446823859 0.6376893687220964
0.257693702117317 0.9467683379495954 0.6459413084102326
0.2616689758049068 0.8232790908281586 0.6412587880459306
0.2516688226486935 0.7498665218199672 0.6833375933175105
0.2654216302380036 0.6147624383487551 0.6802435466655277
0.2706694019185548 0.8857926006698021 0.6286383008139831
0.28237988957420723 0.720625773427167 0.62800876836926
0.25303111906920817 0.8322424112589369 0.6613842396572536
0.24556507517071102 0.7584180483693945 0.7014386728396615
0.2748352690909315 0.6631801770199737 0.6485765898523552
0.2738836915049667 0.8185787392467896 0.626703378503318
0.2577383355732247 0.781737588668785 0.6598929441870824
0.2535598540352373 0.8694577360745699 0.6581376770301539
0.2553664958669859 0.865946011803138 0.6569747517647649
0.2473699688224672 0.8358735963917027 0.6812933444987189
0.2758415172503277 0.7849840907480696 0.6299280946023502
0.23120206761804618 0.8090390746474686 0.7073852512492624
0.2679734451534832 0.7617166544697326 0.6330129139856868
0.24981578709889962 0.6465839160099076 0.7155304869593728
0.2325255936352708 0.8610385274695949 0.7024448988674168
0.2639677188106452 0.7168768148982656 0.648235015867623
0.2498777942451853 0.9028499506801767 0.6616281062115272
0.2509189326244273 0.8977456984614971 0.67162558883285
0.23523012193188841 0.7361470752856611 0.7082406888296843
0.2658609018687592 0.7375957486902531 0.637651803238116
0.23521630381866676 0.8002451898538103 0.7027608693354664
0.2459295346537833 0.884609631187414 0.678957855954551
0.25876358139552125 0.8798428094039892 0.644564157518724
0.26889616323739574 0.8262860526823577 0.6295560767998151
0.2544430743846898 0.8039789176938656 0.6634063804752682
0.2745739844920858 0.5883740705170002 0.6751147109687212
0.2577123811663984 0.8335899983530386 0.6519510209001558
0.28363299013757926 0.5758170571058489 0.659932012572541
0.2559090775191082 0.9135134225792804 0.65566199235505
0.2585828795474382 0.6171963580598439 0.6969596938871605
0.2403850366506891 0.6556766815464237 0.7085478096006051
0.2661800630897003 0.9097814039372437 0.6313439611329903
0.2605375192508156 0.845921113621571 0.6381134093374341
0.25267294599810897 0.8332665077824881 0.659693355672551
0.25385692357691814 0.9136446506492272 0.6577285521551615
0.2795437043637473 0.6551013607329335 0.629775718254721
0.22649619505643048 0.8751927837769136 0.7147594187141373
0.27352015295318755 0.7542140632101769 0.6301034031354138
0.2580920941910424 0.7898345111858946 0.6493254669309398
0.25227512525833073 0.8187969574485091 0.6718469799921074
0.24949433817096522 0.8920363979395179 0.6741375878954519
0.2589877336395343 0.7920703469929572 0.6475400074092638
0.2666203588706181 0.692144212439721 0.6579872169119099
0.261366174953958 0.8028549237693542 0.6424444413057144
0.248982547558929 0.6480675007337526 0.7158003845263264
0.26033049519509743 0.848686839619963 0.6348581274565837
0.25098321116129085 0.9087689462493578 0.6607250488689808
0.2770777903716165 0.6629170929442167 0.6299384585732867
0.26286088372084127 0.651031416849236 0.6765867790824565
0.2849011181692017 0.750810424527462 0.6253512522267124
0.28541739908661456 0.6512033817633899 0.6278047125885966
0.23092304508639672 0.9482254719779236 0.702683860104429
